246
768
841
272
584
274
819
839
590
179
670
687
271
778
352
24
850
371
945
338
471
475
290
724
292
943
534
538
844
866
761
201
675
929
501
119
236
196
99
884
147
483
942
879
214
418
875
623
734
979
893
231
483
758
245
420
934
696
118
254
216
454
526
496
311
268
569
38
418
830
672
923
809
521
870
916
767
471
187
853
724
638
154
829
27
452
629
672
378
546
784
193
568
841
395
426
793
581
657
538
836
812
797
545
949
91
756
851
855
350
349
222
193
730
781
290
137
857
440
421
319
328
409
80
712
208
179
833
699
296
840
229
703
859
526
106
123
251
866
118
184
618
380
640
745
609
282
345
251
935
137
982
895
943
221
949
316
999
266
746
177
72
803
717
704
591
744
425
774
943
517
915
463
656
756
581
599
856
109
358
667
796
452
224
470
812
656
214
704
585
132
264
360
643
535
28
482
299
902
371
947
657
176
709
297
379
874
498
552
931
425
302
463
324
157
375
681
281
94
422
360
674
46
768
859
435
397
432
416
315
572
411
421
414
681
808
824
895
193
290
647
102
644
507
586
562
81
710
356
83
378
985
272
310
755
694
535
974
164
276
976
619
30
239
337
666
882
544
98
441
533
778
609
189
832
467
31
178
379
691
410
334
329
492
684
618
367
629
696
766
551
733
764
104
841
529
2
505
888
922
609
196
218
590
913
988
465
449
460
921
760
271
967
750
407
281
800
970
695
274
737
673
121
749
386
430
304
661
893
983
367
288
739
29
965
641
804
455
477
473
820
690
666
665
48
647
296
718
840
881
365
665
47
705
863
554
117
592
887
520
429
552
867
952
2
63
377
976
133
161
758
975
706
586
951
627
297
565
287
373
48
107
232
781
997
659
205
238
520
506
707
774
703
320
199
397
388
639
426
71
777
328
314
535
324
179
322
377
53
859
770
908
348
413
841
955
71
883
574
23
97
937
878
771
279
554
712
867
140
688
781
737
764
310
107
421
645
340
112
385
633
679
923
990
656
410
78
663
563
117
288
656
467
272
439
562
832
468
402
366
757
390
340
971
457
73
725
662
593
335
43
501
656
667
575
304
488
14
458
764
402
933
277
549
474
291
727
656
326
712
377
322
261
173
806
33
380
875
166
933
763
264
506
201
711
589
505
964
336
158
17
591
27
782
370
291
642
951
932
784
734
171
456
76
727
771
212
302
394
425
952
382
537
291
358
923
937
975
671
80
117
525
191
372
911
54
482
708
847
231
321
455
124
690
421
158
327
377
388
15
935
303
728
749
894
389
284
109
483
510
819
422
201
64
121
742
549
439
123
438
693
280
946
817
107
799
450
270
992
517
377
943
534
609
18
478
974
50
697
875
288
30
674
300
929
594
354
874
743
199
863
507
231
749
19
66
655
919
563
695
584
306
359
380
755
179
922
645
61
748
944
739
741
907
511
725
482
248
511
115
49
144
419
777
371
130
705
405
54
206
198
189
330
237
146
175
132
265
627
303
815
970
70
734
254
49
416
541
806
581
810
951
424
167
995
691
812
452
711
846
201
984
373
996
474
137
159
607
90
895
507
398
424
149
230
939
765
988
463
961
34
69
209
287
423
193
291
830
263
47
522
675
591
528
222
353
604
115
569
606
884
992
324
872
284
419
660
212
873
584
937
131
11
669
935
842
667
264
70
828
294
845
20
454
817
212
291
694
964
382
756
41
339
122
138
104
599
864
948
526
124
408
882
929
179
704
561
666
96
113
97
859
478
44
107
772
990
167
448
129
614
6
861
420
78
455
859
466
989
390
859
741
346
210
630
486
896
890
194
180
897
864
576
605
51
944
298
456
911
420
787
781
630
784
423
714
254
196
545
59
539
764
459
612
793
592
960
998
380
616
726
716
114
216
959
208
913
268
374
231
163
216
662
694
928
263
286
888
250
750
121
845
147
379
507
488
906
479
645
933
981
302
89
197
689
7
721
223
28
84
10
157
955
440
326
552
408
15
831
81
108
119
319
198
266
185
372
236
75
908
329
263
670
310
624
276
231
712
340
974
768
725
218
901
534
462
919
720
498
469
116
146
104
980
791
320
940
474
692
566
896
81
272
873
130
591
806
436
66
30
290
978
882
362
842
924
998
687
533
576
370
693
763
839
771
761
212
673
285
57
446
631
660
571
598
341
39
218
735
722
118
134
304
813
572
64
791
198
839
687
635
510
76
329
336
476
400
154
36
852
922
650
166
222
876
318
758
665
864
429
983
26
414
333
297
125
459
914
268
838
30
810
734
517
837
600
277
780
652
690
753
358
845
713
520
805
307
942
37
536
448
36
739
759
679
229
91
901
284
724
573
329
879
548
530
921
951
579
424
251
347
287
992
649
140
796
25
169
230
390
623
430
61
849
238
622
300
595
320
937
193
939
478
251
789
80
715
166
271
824
940
375
952
612
124
427
409
260
892
149
728
548
184
975
690
378
380
755
682
203
85
749
848
298
356
895
844
708
373
912
889
51
886
402
960
68
283
974
417
239
894
7
742
699
251
55
635
531
466
858
917
609
326
445
979
341
178
906
242
275
915
203
34
566
577
921
718
309
199
968
561
376
361
552
859
318
405
787
516
999
635
62
951
545
158
806
359
209
140
584
840
184
562
996
644
760
209
239
982
193
29
980
955
372
723
319
620
3
674
470
464
243
131
51
671
375
123
970
633
98
287
676
916
240
470
406
693
690
162
833
685
853
592
926
597
982
544
310
101
316
30
819
437
561
454
415
175
398
687
391
795
899
406
835
90
600
51
317
183
442
920
331
775
445
246
803
137
226
970
34
9
254
453
824
654
8
393
892
211
812
775
336
243
608
205
857
861
138
588
765
303
412
208
672
511
189
577
181
141
573
687
582
876
557
386
993
271
441
999
487
920
443
198
713
116
213
424
177
634
171
343
866
258
523
317
509
2
617
622
698
604
867
810
935
891
173
818
296
180
74
332
675
786
921
762
278
913
888
748
320
444
351
302
336
842
27
484
670
675
757
609
429
433
822
103
721
994
922
401
82
169
215
613
165
620
912
917
92
408
530
4
249
656
674
589
148
109
472
455
678
399
413
686
370
882
381
731
143
260
608
787
36
378
147
437
345
386
373
684
541
476
857
292
449
602
792
186
833
366
367
164
522
946
844
712
621
10
329
625
902
382
739
171
769
227
394
584
874
354
644
347
799
168
376
33
780
356
252
175
515
672
900
591
886
991
136
572
42
44
264
741
914
659
990
183
853
769
992
762
21
805
257
245
941
818
892
70
710
349
988
122
590
969
114
434
37
810
907
534
485
758
397
747
390
271
927
441
724
454
91
240
382
65
760
584
51
325
264
695
26
159
26
284
302
348
789
107
308
920
179
610
147
755
125
672
887
472
464
165
98
959
92
245
864
378
29
318
805
69
752
192
53
854
916
540
391
364
18
461
807
708
874
260
735
239
315
911
121
407
999
937
891
552
409
829
944
227
60
724
967
230
137
190
514
703
556
197
397
383
356
724
553
604
125
855
924
398
948
269
415
347
222
727
948
109
69
980
73
329
488
565
862
100
550
884
366
886
207
530
149
720
95
821
791
993
752
136
409
508
307
932
310
813
138
325
456
899
157
255
233
768
111
295
204
674
140
774
885
934
89
848
498
467
576
251
61
681
471
19
47
709
916
18
930
604
751
565
282
196
516
65
578
42
259
684
391
886
854
921
59
4
918
627
72
763
323
354
350
336
110
860
611
205
932
346
510
418
321
475
592
669
710
23
416
966
530
305
386
3
240
655
531
155
442
598
851
342
106
79
935
641
201
662
282
376
910
305
447
427
404
229
494
355
656
699
504
470
534
442
993
781
183
279
682
479
449
967
55
39
299
5
299
217
747
334
326
18
863
17
689
348
516
189
910
288
734
443
854
910
540
91
800
840
655
154
723
758
423
504
41
818
338
592
928
707
386
352
941
199
802
176
815
265
469
528
726
82
290
202
862
339
784
743
972
161
234
270
931
665
840
198
323
947
882
204
287
748
113
120
682
835
867
362
758
437
386
938
24
971
683
813
355
513
726
779
63
490
815
829
486
695
295
725
851
262
495
950
983
527
827
34
833
402
127
377
41
732
801
615
26
585
874
943
314
979
978
955
927
112
959
550
207
737
274
696
460
119
910
648
858
41
93
129
239
384
649
427
534
931
612
522
935
350
349
796
694
789
824
779
695
895
264
818
787
678
211
269
930
138
162
321
749
589
532
362
366
433
854
419
663
894
185
448
891
216
103
880
389
52
763
334
203
851
853
79
30
0
439
822
761
579
16
690
356
264
314
601
780
265
65
590
88
176
66
229
314
305
133
424
696
404
241
66
847
344
339
728
587
291
19
464
69
918
611
81
354
733
292
250
491
749
582
254
894
989
84
413
409
351
762
967
598
616
213
937
63
755
917
769
183
636
913
142
443
703
935
49
275
369
342
456
425
655
842
161
533
259
363
612
114
949
819
249
281
829
82
88
112
366
760
799
910
494
758
342
158
555
41
630
685
800
524
320
225
380
784
931
289
187
827
309
571
294
483
514
302
270
885
218
20
838
471
397
251
950
46
626
873
500
28
325
826
437
217
910
600
681
861
614
549
108
864
933
975
688
262
871
776
952
786
877
129
16
966
735
67
672
236
527
578
455
253
121
695
260
723
926
416
600
180
160
246
543
886
736
890
982
417
771
300
742
638
363
18
910
882
297
178
591
766
633
308
40
527
886
863
874
485
356
559
838
346
660
991
611
344
418
64
388
807
26
974
469
331
241
107
781
294
280
795
71
575
499
580
836
894
336
855
635
482
891
551
664
209
726
549
874
884
670
998
765
469
817
394
512
918
819
753
282
319
991
147
966
50
635
188
973
527
612
979
530
191
392
350
784
784
299
596
944
820
465
310
199
334
475
675
316
690
940
14
455
840
875
766
157
85
251
314
224
309
301
231
708
121
295
479
596
120
174
111
890
998
967
918
237
846
612
629
629
101
690
624
450
893
350
559
938
842
736
105
778
5
847
262
476
802
180
406
94
592
723
59
867
156
428
953
11
906
320
678
534
218
55
569
269
347
166
195
281
990
781
268
989
482
983
164
470
175
635
912
164
729
575
868
192
843
60
603
837
173
716
448
803
852
856
527
870
181
214
326
773
701
456
626
47
744
672
151
592
964
759
623
528
41
893
974
469
599
354
472
639
700
723
687
281
633
392
965
776
712
675
771
619
652
875
132
906
428
134
233
756
853
245
265
136
571
209
164
341
756
451
732
557
754
217
401
348
747
541
392
574
415
863
135
6
253
595
975
972
473
85
726
118
654
169
889
151
972
615
970
340
622
235
148
859
955
43
888
415
223
273
330
214
342
944
845
315
236
476
864
919
484
410
644
355
459
230
522
24
543
100
118
319
393
718
370
317
916
572
768
150
698
793
33
419
954
922
219
862
303
673
201
449
264
696
501
526
415
242
635
233
81
595
242
850
337
279
220
775
9
784
967
734
606
521
271
32
374
679
890
481
233
288
216
588
577
739
69
588
560
63
477
981
581
872
723
616
298
587
941
309
452
355
215
787
160
748
274
115
63
653
737
299
765
379
216
686
196
784
362
192
328
250
189
144
807
39
564
142
991
335
329
915
955
450
220
88
156
312
573
207
24
255
754
926
593
215
389
322
820
618
278
783
589
983
248
253
420
405
554
439
566
172
652
678
786
632
764
322
325
471
220
824
965
281
74
902
7
184
492
187
582
813
653
333
777
521
801
426
911
125
177
232
785
873
35
592
396
73
401
92
297
398
452
346
867
256
996
328
69
9
783
591
773
301
29
725
889
774
403
258
156
571
932
804
645
112
112
798
533
585
391
187
859
393
959
488
629
927
750
864
893
559
36
241
158
671
647
667
889
616
165
273
368
892
984
424
22
55
545
60
442
597
292
354
646
539
187
592
72
346
673
89
236
662
662
341
860
982
938
364
493
747
712
267
71
475
104
279
528
39
169
543
606
304
825
270
616
793
362
365
55
990
836
880
310
234
393
911
483
654
632
772
129
765
681
908
827
828
778
750
159
887
60
1
933
471
493
427
939
679
258
443
207
278
497
384
247
287
841
194
400
339
550
390
345
529
325
304
179
195
640
249
263
546
646
215
188
940
554
212
796
193
446
590
938
262
693
773
739
360
962
516
846
586
728
863
264
874
46
51
440
885
798
395
836
355
619
670
159
909
357
853
943
371
283
178
831
642
443
837
86
794
584
520
905
62
321
410
140
677
58
601
768
205
138
832
434
415
768
752
664
317
562
963
953
824
515
11
783
487
672
513
899
113
768
98
654
571
38
492
488
78
92
182
679
943
77
13
636
106
327
387
61
425
4
241
155
829
492
910
1
464
32
48
440
785
653
814
528
814
514
696
135
592
808
374
127
456
390
974
496
824
718
833
882
324
808
21
852
494
640
101
334
1
510
603
847
686
251
608
460
642
643
283
150
329
203
13
399
355
287
94
56
108
616
272
26
746
137
544
55
15
141
781
868
310
815
89
190
755
78
700
349
875
418
600
865
907
303
456
312
156
213
481
618
99
537
554
33
935
436
456
72
124
574
258
862
116
967
388
95
245
266
718
768
94
982
564
709
427
570
633
536
823
852
932
440
217
406
557
908
576
477
249
458
272
407
840
769
62
537
264
103
216
387
83
888
45
417
715
668
380
934
541
347
625
895
755
359
338
801
68
966
136
80
510
627
600
813
492
184
881
746
858
938
568
294
373
641
790
912
984
395
724
545
856
180
829
323
